m_boys_wt,s_boys_wt,m_girls_wt,s_girls_wt,m_boys_lh,s_boys_lh,m_girls_lh,s_girls_lh,m_boys_hc,s_boys_hc,m_girls_hc,s_girls_hc
-0.397746116,0.207817212,-0.488910019,0.207817212,3.487772942,0.069114156,3.456276894,0.069114156,24.77618599,1.734309435,23.98039627,1.734309435
-0.366197199,0.206175789,-0.457361102,0.206175789,3.49602294,0.06827344,3.464526653,0.06827344,24.94226837,1.713196754,24.14647865,1.713196754
-0.335144132,0.204570517,-0.426308036,0.204570517,3.504149437,0.06745261,3.472653389,0.06745261,25.10661507,1.69259727,24.31082344,1.69259727
-0.3045775,0.203000516,-0.395741403,0.203000516,3.512155056,0.066651158,3.480659008,0.066651158,25.26924515,1.67249918,24.47345543,1.67249918
-0.27448678,0.201464862,-0.365650684,0.201464862,3.520042419,0.065868579,3.488546371,0.065868579,25.43019104,1.652889848,24.63440132,1.652889848
-0.244862199,0.19996272,-0.336026102,0.19996272,3.527813911,0.06510438,3.496317863,0.06510438,25.58947754,1.633757353,24.79368782,1.633757353
-0.215693831,0.198493227,-0.306857735,0.198493227,3.535471916,0.064358085,3.503975868,0.064358085,25.74713326,1.615090132,24.95134354,1.615090132
-0.186973155,0.197055608,-0.278137058,0.197055608,3.543018579,0.063629247,3.511522532,0.063629247,25.90317726,1.596877217,25.10738754,1.596877217
-0.158690706,0.195649058,-0.249854594,0.195649058,3.550456285,0.062917419,3.518959999,0.062917419,26.05763817,1.579107523,25.26184845,1.579107523
-0.130837277,0.194272786,-0.22200118,0.194272786,3.55778718,0.062222157,3.526291132,0.062222157,26.21054077,1.561770201,25.41475105,1.561770201
-0.103405006,0.192926094,-0.194568902,0.192926094,3.565013409,0.061543062,3.533517361,0.061543062,26.36190414,1.544855475,25.56611443,1.544855475
-0.076385126,0.19160825,-0.167549029,0.19160825,3.572137117,0.060879711,3.540641069,0.060879711,26.51175308,1.528352976,25.71596336,1.528352976
-0.049769428,0.190318525,-0.140933335,0.190318525,3.579160452,0.060231712,3.547664165,0.060231712,26.66011238,1.512253046,25.86432266,1.512253046
-0.02354959,0.189056247,-0.11471349,0.189056247,3.586085081,0.059598673,3.554589033,0.059598673,26.80700302,1.496545792,26.0112133,1.496545792
0.002281486,0.187820762,-0.088882416,0.187820762,3.592913151,0.058980238,3.561417103,0.058980238,26.95244598,1.48122263,26.15665627,1.48122263
0.027731754,0.186611444,-0.06343215,0.186611444,3.599646568,0.058376037,3.56815052,0.058376037,27.09646225,1.466274261,26.30067253,1.466274261
0.052808963,0.185427621,-0.038354937,0.185427621,3.606287241,0.057785705,3.574790955,0.057785705,27.23907661,1.451691628,26.4432869,1.451691628
0.077519678,0.184268728,-0.013644221,0.184268728,3.612836599,0.057208922,3.581340551,0.057208922,27.38030434,1.437466741,26.58451271,1.437466741
0.101871304,0.183134153,0.010707404,0.183134153,3.619296789,0.056645341,3.587800741,0.056645341,27.5201664,1.423591018,26.72437668,1.423591018
0.125870734,0.182023332,0.034706831,0.182023332,3.625669241,0.056094643,3.594173193,0.056094643,27.65868378,1.410056472,26.86289406,1.410056472
0.149525002,0.180935681,0.058361102,0.180935681,3.6319561,0.055556506,3.600459814,0.055556506,27.79587746,1.396854877,27.00008774,1.396854877
0.172840059,0.17987068,0.081676155,0.17987068,3.638158321,0.05503064,3.606662273,0.05503064,27.9317627,1.383979201,27.13597298,1.383979201
0.195822626,0.178827807,0.104658723,0.178827807,3.644278049,0.05451674,3.612781763,0.05451674,28.06636047,1.371421576,27.27057076,1.371421576
0.218479261,0.177806512,0.127315372,0.177806512,3.650316477,0.054014511,3.618820429,0.054014511,28.19968987,1.359174728,27.40390015,1.359174728
0.24081549,0.176806331,0.149651602,0.176806331,3.656275511,0.053523682,3.624779224,0.053523682,28.33176613,1.347231865,27.53597641,1.347231865
0.262837589,0.175826758,0.171673685,0.175826758,3.662156105,0.05304398,3.630660057,0.05304398,28.46260834,1.335585833,27.66681862,1.335585833
0.284551382,0.174867317,0.193387493,0.174867317,3.667960167,0.05257513,3.636464119,0.05257513,28.59223175,1.324230075,27.79644203,1.324230075
0.305962861,0.173927546,0.214798972,0.173927546,3.673689127,0.052116878,3.642193079,0.052116878,28.72065926,1.313157797,27.92486763,1.313157797
0.327077031,0.173006997,0.235913128,0.173006997,3.679344177,0.051668979,3.647847891,0.051668979,28.84789848,1.302362919,28.05210876,1.302362919
0.347899616,0.172105253,0.256735712,0.172105253,3.68492651,0.051231183,3.653430462,0.051231183,28.97397232,1.291839123,28.1781826,1.291839123
0.368436188,0.171221837,0.277272284,0.171221837,3.690437794,0.050803248,3.658941746,0.050803248,29.09889603,1.281580091,28.30310631,1.281580091
0.388691396,0.170356393,0.297527492,0.170356393,3.695878983,0.05038495,3.664382935,0.05038495,29.22268105,1.271580458,28.42689133,1.271580458
0.408670634,0.169508487,0.317506731,0.169508487,3.701251745,0.049976058,3.669755459,0.049976058,29.34534836,1.261834025,28.54955673,1.261834025
0.42837882,0.168677732,0.337214917,0.168677732,3.706556797,0.049576357,3.675060749,0.049576357,29.46690941,1.25233531,28.67111778,1.25233531
0.44782111,0.167863727,0.356657207,0.167863727,3.711795807,0.049185626,3.680299759,0.049185626,29.58738136,1.243078828,28.79158974,1.243078828
0.467001706,0.167066112,0.375837803,0.167066112,3.716969967,0.048803668,3.68547368,0.048803668,29.70677567,1.234059334,28.91098595,1.234059334
0.485925496,0.166284546,0.394761592,0.166284546,3.722079992,0.048430275,3.690583944,0.048430275,29.82510948,1.225271463,29.02931976,1.225271463
0.504597068,0.165518641,0.413433135,0.165518641,3.727127314,0.048065249,3.695631266,0.048065249,29.94239616,1.21671021,29.14660645,1.21671021
0.523020804,0.164768055,0.4318569,0.164768055,3.732112885,0.047708396,3.700616837,0.047708396,30.05864906,1.208370686,29.26285934,1.208370686
0.541201532,0.164032444,0.450037628,0.164032444,3.737038136,0.047359522,3.705542088,0.047359522,30.17388535,1.200247765,29.37809563,1.200247765
0.55914259,0.163311526,0.467978686,0.163311526,3.741903782,0.047018461,3.710407734,0.047018461,30.28811264,1.192337275,29.49232292,1.192337275
0.576848567,0.162604928,0.485684663,0.162604928,3.746711016,0.046685029,3.715214729,0.046685029,30.40134621,1.184634209,29.60555649,1.184634209
0.594323516,0.161912382,0.503159642,0.161912382,3.751460552,0.046359055,3.719964504,0.046359055,30.5135994,1.177134156,29.71780968,1.177134156
0.611571491,0.161233544,0.520407557,0.161233544,3.756153822,0.046040364,3.724657536,0.046040364,30.62488556,1.169832826,29.82909584,1.169832826
0.628596306,0.160568148,0.537432373,0.160568148,3.760791302,0.045728795,3.729295254,0.045728795,30.73521614,1.162725806,29.93942451,1.162725806
0.645401776,0.159915879,0.554237843,0.159915879,3.765374422,0.045424189,3.733878374,0.045424189,30.84460258,1.155809045,30.04881287,1.155809045
0.661992073,0.159276456,0.570828199,0.159276456,3.769904137,0.045126379,3.73840785,0.045126379,30.95306206,1.149078131,30.15727234,1.149078131
0.678370059,0.158649638,0.587206125,0.158649638,3.774380684,0.044835232,3.742884636,0.044835232,31.06060028,1.142529607,30.26480865,1.142529607
0.694539607,0.158035129,0.603375733,0.158035129,3.778805733,0.04455059,3.747309446,0.04455059,31.1672287,1.13615942,30.37143898,1.13615942
0.710504293,0.157432675,0.61934042,0.157432675,3.783179522,0.044272311,3.751683474,0.044272311,31.27296257,1.129963636,30.47717285,1.129963636
0.726267576,0.156842023,0.635103643,0.156842023,3.787503242,0.044000249,3.756007195,0.044000249,31.37781143,1.12393868,30.58202171,1.12393868
0.741832674,0.156262904,0.6506688,0.156262904,3.791777849,0.043734271,3.760281801,0.043734271,31.48178673,1.118080854,30.68599701,1.118080854
0.757203043,0.155695111,0.666039109,0.155695111,3.796003819,0.043474238,3.764507771,0.043474238,31.5848999,1.112386584,30.78911018,1.112386584
0.77238214,0.155138358,0.681218266,0.155138358,3.800182343,0.043220017,3.768686295,0.043220017,31.6871624,1.106852412,30.89137268,1.106852412
0.78737247,0.154592454,0.696208537,0.154592454,3.80431366,0.042971496,3.772817612,0.042971496,31.78858185,1.101475239,30.99279022,1.101475239
0.80217737,0.15405716,0.711013496,0.15405716,3.808398962,0.042728536,3.776902914,0.042728536,31.88916779,1.096251607,31.09337807,1.096251607
0.816799998,0.153532267,0.725636065,0.153532267,3.812438965,0.042491022,3.780942917,0.042491022,31.98893547,1.091178179,31.19314384,1.091178179
0.831243217,0.153017551,0.740079284,0.153017551,3.816434383,0.042258833,3.784938335,0.042258833,32.08789063,1.086251974,31.292099,1.086251974
0.845509946,0.152512789,0.754346013,0.152512789,3.820385695,0.042031854,3.788889647,0.042031854,32.18604279,1.081469893,31.39025307,1.081469893
0.859603047,0.152017787,0.768439114,0.152017787,3.824293852,0.041809976,3.792797804,0.041809976,32.2834053,1.076828837,31.48761559,1.076828837
0.873525679,0.151532322,0.782361805,0.151532322,3.828159809,0.041593075,3.796663523,0.041593075,32.37998962,1.072325945,31.584198,1.072325945
0.887279809,0.151056245,0.796115935,0.151056245,3.831983566,0.041381061,3.800487518,0.041381061,32.47579575,1.067958355,31.68000603,1.067958355
0.900868535,0.150589332,0.809704661,0.150589332,3.835766315,0.041173823,3.804270267,0.041173823,32.57083893,1.063723326,31.77504921,1.063723326
0.914294422,0.150131419,0.823130548,0.150131419,3.839508295,0.040971261,3.808012247,0.040971261,32.66513062,1.059618115,31.86933899,1.059618115
0.927560091,0.149682298,0.836396217,0.149682298,3.843210697,0.040773269,3.811714649,0.040773269,32.75867462,1.055639982,31.962883,1.055639982
0.940668046,0.149241805,0.849504173,0.149241805,3.84687376,0.040579751,3.815377712,0.040579751,32.85148239,1.051786304,32.05569077,1.051786304
0.953620732,0.148809746,0.862456858,0.148809746,3.850498199,0.040390614,3.819001913,0.040390614,32.94356155,1.048054457,32.14776993,1.048054457
0.966420949,0.148385972,0.875257075,0.148385972,3.854084492,0.040205762,3.822588444,0.040205762,33.03492355,1.044442058,32.23913574,1.044442058
0.979070365,0.147970319,0.887906492,0.147970319,3.857633352,0.040025111,3.826137304,0.040025111,33.12557602,1.040946722,32.32978439,1.040946722
0.991571665,0.147562623,0.900407791,0.147562623,3.861145496,0.03984857,3.829649448,0.03984857,33.21552277,1.037565947,32.41973114,1.037565947
1.003927112,0.147162721,0.912763238,0.147162721,3.864621162,0.039676048,3.833125114,0.039676048,33.30477524,1.034297466,32.50898361,1.034297466
1.01613903,0.146770447,0.924975097,0.146770447,3.868061304,0.039507464,3.836565256,0.039507464,33.39334106,1.031139016,32.59754944,1.031139016
1.028209448,0.14638567,0.937045634,0.14638567,3.87146616,0.039342735,3.839969873,0.039342735,33.48122787,1.028088212,32.68543625,1.028088212
1.040140748,0.146008223,0.948976874,0.146008223,3.874836206,0.039181776,3.843340158,0.039181776,33.5684433,1.025142908,32.77265167,1.025142908
1.051935196,0.145637974,0.960771322,0.145637974,3.878172398,0.039024513,3.84667635,0.039024513,33.65499878,1.022301078,32.85920715,1.022301078
1.063594341,0.145274773,0.972430408,0.145274773,3.881474733,0.038870871,3.849978685,0.038870871,33.74089432,1.019560575,32.94510651,1.019560575
1.07512033,0.144918486,0.983956456,0.144918486,3.884744167,0.038720772,3.853247881,0.038720772,33.82614517,1.016919255,33.03035355,1.016919255
1.086515427,0.14456898,0.995351553,0.14456898,3.8879807,0.038574144,3.856484652,0.038574144,33.91075134,1.014375329,33.11496353,1.014375329
1.097781539,0.144226119,1.006617546,0.144226119,3.891185284,0.038430911,3.859689236,0.038430911,33.99472809,1.011926651,33.19893646,1.011926651
1.108920455,0.143889785,1.017756462,0.143889785,3.894358397,0.038291007,3.86286211,0.038291007,34.07807541,1.009571433,33.28228378,1.009571433
1.119934082,0.143559828,1.028770208,0.143559828,3.897500038,0.038154364,3.86600399,0.038154364,34.16080093,1.007307649,33.36501312,1.007307649
1.130824685,0.14323613,1.039660811,0.14323613,3.900611162,0.038020905,3.869115114,0.038020905,34.24291992,1.00513351,33.4471283,1.00513351
1.141593456,0.142918587,1.050429583,0.142918587,3.903692007,0.03789058,3.872195959,0.03789058,34.32442856,1.003047347,33.52863693,1.003047347
1.152242422,0.142607078,1.061078548,0.142607078,3.906742811,0.037763312,3.875246763,0.037763312,34.40533829,1.001047254,33.60954666,1.001047254
1.162773371,0.14230147,1.071609497,0.14230147,3.909764528,0.037639048,3.87826848,0.037639048,34.48565674,0.99913156,33.68986511,0.99913156
1.17318809,0.142001659,1.082024097,0.142001659,3.912757158,0.037517723,3.88126111,0.037517723,34.56538773,0.997298598,33.7695961,0.997298598
1.183488131,0.14170754,1.092324138,0.14170754,3.915721178,0.037399277,3.88422513,0.037399277,34.64453506,0.995546758,33.84874725,0.995546758
1.19367516,0.141418993,1.102511287,0.141418993,3.918657303,0.037283648,3.887161016,0.037283648,34.72311401,0.993874311,33.92732239,0.993874311
1.203751326,0.141135916,1.112587333,0.141135916,3.921565533,0.037170783,3.890069485,0.037170783,34.80112457,0.992279708,34.00533676,0.992279708
1.213717341,0.140858218,1.122553468,0.140858218,3.924446583,0.037060626,3.892950296,0.037060626,34.87857437,0.990761459,34.08278275,0.990761459
1.223575354,0.14058578,1.132411361,0.14058578,3.927300453,0.036953121,3.895804405,0.036953121,34.95546722,0.989318073,34.15967941,0.989318073
1.233326674,0.140318513,1.1421628,0.140318513,3.930127859,0.036848214,3.898631811,0.036848214,35.03181458,0.987947941,34.23602295,0.987947941
1.24297297,0.140056312,1.151808977,0.140056312,3.932929277,0.036745857,3.901433229,0.036745857,35.10761261,0.986649752,34.3118248,0.986649752
1.252515554,0.139799088,1.161351681,0.139799088,3.935704708,0.036645994,3.90420866,0.036645994,35.18287659,0.985421956,34.38708496,0.985421956
1.261956215,0.139546737,1.170792222,0.139546737,3.938454866,0.036548574,3.906958818,0.036548574,35.25761032,0.984263241,34.4618187,0.984263241
1.271296263,0.139299184,1.180132389,0.139299184,3.941179991,0.036453549,3.909683943,0.036453549,35.33181763,0.983172178,34.536026,0.983172178
1.28053689,0.139056325,1.189373016,0.139056325,3.94388032,0.036360875,3.912384272,0.036360875,35.4054985,0.982147455,34.60971069,0.982147455
1.289679527,0.138818085,1.198515654,0.138818085,3.946556091,0.036270499,3.915060043,0.036270499,35.47866821,0.98118782,34.6828804,0.98118782
1.298725724,0.13858436,1.207561851,0.13858436,3.949208021,0.036182381,3.917711973,0.036182381,35.55132675,0.980291963,34.75553894,0.980291963
1.307676792,0.138355091,1.216512799,0.138355091,3.951836348,0.036096476,3.920340061,0.036096476,35.62348175,0.97945857,34.82769394,0.97945857
1.316533804,0.138130173,1.22536993,0.138130173,3.954441071,0.036012735,3.922945023,0.036012735,35.69513702,0.978686512,34.89934921,0.978686512
1.325298429,0.137909546,1.234134555,0.137909546,3.957022905,0.035931118,3.925526619,0.035931118,35.7663002,0.977974474,34.97050858,0.977974474
1.333971858,0.137693107,1.242807984,0.137693107,3.959581852,0.035851583,3.928085804,0.035851583,35.8369751,0.977321267,35.04118347,0.977321267
1.342555046,0.13748081,1.251391172,0.13748081,3.962118387,0.035774089,3.930622339,0.035774089,35.90716171,0.976725876,35.11137009,0.976725876
1.351049542,0.137272552,1.25988555,0.137272552,3.964632988,0.035698593,3.93313694,0.035698593,35.97687149,0.97618705,35.18107986,0.97618705
1.359456301,0.137068257,1.268292308,0.137068257,3.967125654,0.035625059,3.935629368,0.035625059,36.04610443,0.975703716,35.25031662,0.975703716
1.367776632,0.136867881,1.276612759,0.136867881,3.969596624,0.035553448,3.938100576,0.035553448,36.11487198,0.975274742,35.31908035,0.975274742
1.376011729,0.136671335,1.284847736,0.136671335,3.972046614,0.035483722,3.940550566,0.035483722,36.18317032,0.974899113,35.38738251,0.974899113
1.384162664,0.136478543,1.292998791,0.136478543,3.974475622,0.035415839,3.942979336,0.035415839,36.25101089,0.974575758,35.45522308,0.974575758
1.392230868,0.136289433,1.301066995,0.136289433,3.976883888,0.035349768,3.94538784,0.035349768,36.31840134,0.974303663,35.52260971,0.974303663
1.400217056,0.136103958,1.309053183,0.136103958,3.97927165,0.035285477,3.947775602,0.035285477,36.38533401,0.974081814,35.58954239,0.974081814
1.40812242,0.135922045,1.316958427,0.135922045,3.981639385,0.035222922,3.950143337,0.035222922,36.45182419,0.973909199,35.65603256,0.973909199
1.415948033,0.135743633,1.32478416,0.135743633,3.983987331,0.035162076,3.952491283,0.035162076,36.51786804,0.973784924,35.72208023,0.973784924
1.423694968,0.135568649,1.332531095,0.135568649,3.986315727,0.035102904,3.954819441,0.035102904,36.58347702,0.973707974,35.78768921,0.973707974
1.431364417,0.135397047,1.340200543,0.135397047,3.988624573,0.03504537,3.957128525,0.03504537,36.64865494,0.973677456,35.85286331,0.973677456
1.438957214,0.135228738,1.347793341,0.135228738,3.990914583,0.03498945,3.959418297,0.03498945,36.71340179,0.973692417,35.91761398,0.973692417
1.446474671,0.135063693,1.355310678,0.135063693,3.99318552,0.034935102,3.961689472,0.034935102,36.77772903,0.973752022,35.98193741,0.973752022
1.453917265,0.134901837,1.362753391,0.134901837,3.995438099,0.034882303,3.963942051,0.034882303,36.84162903,0.973855376,36.04584122,0.973855376
1.461286187,0.134743124,1.370122313,0.134743124,3.997672319,0.034831025,3.966176033,0.034831025,36.90511703,0.974001646,36.10932541,0.974001646
1.468582511,0.134587482,1.377418637,0.134587482,3.999888182,0.034781229,3.968392134,0.034781229,36.96818924,0.974189937,36.17240143,0.974189937
1.47580719,0.134434879,1.384643197,0.134434879,4.002086639,0.034732893,3.970590353,0.034732893,37.03085709,0.974419475,36.23506546,0.974419475
1.482960939,0.134285241,1.391797066,0.134285241,4.004266739,0.034685992,3.972770929,0.034685992,37.09311676,0.974689424,36.29732513,0.974689424
1.490044832,0.134138525,1.398880959,0.134138525,4.006430149,0.034640487,3.974933863,0.034640487,37.15497971,0.974998951,36.35918808,0.974998951
1.497059941,0.133994669,1.405896068,0.133994669,4.008575916,0.034596361,3.977079868,0.034596361,37.21644211,0.97534734,36.4206543,0.97534734
1.504006743,0.133853644,1.41284287,0.133853644,4.010704994,0.034553587,3.979208946,0.034553587,37.27751541,0.975733876,36.48172379,0.975733876
1.510886312,0.133715376,1.419722319,0.133715376,4.012816906,0.034512132,3.981321096,0.034512132,37.33819962,0.976157665,36.54240799,0.976157665
1.517699361,0.133579835,1.426535487,0.133579835,4.014912605,0.034471978,3.983416557,0.034471978,37.39849472,0.976618111,36.60270691,0.976618111
1.524446964,0.133446977,1.433283091,0.133446977,4.016992092,0.034433097,3.985496044,0.034433097,37.45841217,0.977114379,36.66262054,0.977114379
1.531129956,0.133316725,1.439965963,0.133316725,4.019055367,0.034395464,3.98755908,0.034395464,37.51794815,0.977645874,36.72216034,0.977645874
1.537748814,0.133189067,1.44658494,0.133189067,4.021102428,0.034359053,3.98960638,0.034359053,37.57711411,0.97821182,36.78132248,0.97821182
1.544304967,0.133063927,1.453140974,0.133063927,4.023134232,0.034323845,3.991637945,0.034323845,37.63590622,0.978811622,36.84011459,0.978811622
1.550798416,0.132941291,1.459634542,0.132941291,4.025150299,0.034289815,3.993654013,0.034289815,37.69433212,0.979444563,36.8985405,0.979444563
1.557230473,0.132821098,1.466066599,0.132821098,4.027150631,0.034256943,3.995654583,0.034256943,37.75239182,0.98010993,36.956604,0.98010993
1.563601732,0.132703304,1.472437739,0.132703304,4.029136181,0.034225199,3.997640133,0.034225199,37.81009293,0.980807185,37.0143013,0.980807185
1.56991291,0.132587895,1.478749037,0.132587895,4.031106949,0.03419457,3.999610662,0.03419457,37.86743546,0.981535614,37.07164383,0.981535614
1.576164842,0.13247478,1.485000849,0.13247478,4.033062458,0.034165032,4.00156641,0.034165032,37.92442322,0.982294679,37.12863541,0.982294679
1.582358122,0.13236396,1.491194248,0.13236396,4.035003662,0.034136564,4.003507614,0.034136564,37.98106384,0.983083725,37.18527222,0.983083725
1.588493824,0.13225539,1.49732995,0.13225539,4.036930561,0.034109142,4.005434513,0.034109142,38.03735733,0.983902216,37.2415657,0.983902216
1.594572306,0.132149011,1.503408432,0.132149011,4.038843155,0.034082748,4.007347107,0.034082748,38.09330368,0.984749496,37.29751205,0.984749496
1.600594282,0.132044807,1.509430408,0.132044807,4.040741444,0.034057368,4.009245396,0.034057368,38.14890671,0.985625029,37.3531189,0.985625029
1.606560469,0.131942734,1.515396595,0.131942734,4.042625904,0.034032978,4.011129856,0.034032978,38.20417404,0.986528218,37.40838623,0.986528218
1.6124717,0.131842747,1.521307707,0.131842747,4.044497013,0.034009557,4.013000965,0.034009557,38.2591095,0.987458527,37.46331787,0.987458527
1.618328452,0.131744817,1.527164578,0.131744817,4.046354294,0.03398709,4.014858246,0.03398709,38.31370926,0.98841548,37.51791763,0.98841548
1.624131441,0.131648913,1.532967567,0.131648913,4.048198223,0.033965558,4.016702175,0.033965558,38.36798096,0.98939842,37.57218933,0.98939842
1.629881501,0.131555006,1.538717628,0.131555006,4.050028801,0.033944942,4.018532753,0.033944942,38.42192841,0.99040699,37.62613678,0.99040699
1.63557899,0.131463036,1.544415116,0.131463036,4.051846504,0.033925228,4.020350456,0.033925228,38.47554779,0.991440535,37.67975998,0.991440535
1.641224623,0.131372988,1.550060749,0.131372988,4.053650856,0.033906393,4.022154808,0.033906393,38.52885056,0.992498636,37.73306274,0.992498636
1.646818995,0.131284833,1.555655122,0.131284833,4.05544281,0.033888426,4.023946762,0.033888426,38.5818367,0.993580759,37.78604889,0.993580759
1.652362823,0.13119854,1.56119895,0.13119854,4.057222366,0.033871308,4.025726318,0.033871308,38.63451004,0.994686425,37.83871841,0.994686425
1.657856584,0.131114066,1.56669271,0.131114066,4.058989048,0.033855021,4.027493,0.033855021,38.68686676,0.995815217,37.89107513,0.995815217
1.663300991,0.131031379,1.572137117,0.131031379,4.060743332,0.033839554,4.029247284,0.033839554,38.7389183,0.996966541,37.94312668,0.996966541
1.668696642,0.130950451,1.577532768,0.130950451,4.062485695,0.033824887,4.030989647,0.033824887,38.79066467,0.998140097,37.99487305,0.998140097
1.674043894,0.130871266,1.58288002,0.130871266,4.064216137,0.033811007,4.032720089,0.033811007,38.84210205,0.999335349,38.04631424,0.999335349
1.679343462,0.130793795,1.588179588,0.130793795,4.065934181,0.033797897,4.034438133,0.033797897,38.89324188,1.00055182,38.09745407,1.00055182
1.684595942,0.130717978,1.59343195,0.130717978,4.067640781,0.033785548,4.036144733,0.033785548,38.94408417,1.001789212,38.14829636,1.001789212
1.689801693,0.13064383,1.598637819,0.13064383,4.069335938,0.03377394,4.03783989,0.03377394,38.99462891,1.00304687,38.19884109,1.00304687
1.694961548,0.130571291,1.603797555,0.130571291,4.07101965,0.033763058,4.039523602,0.033763058,39.04488373,1.004324675,38.2490921,1.004324675
1.700075746,0.130500346,1.608911872,0.130500346,4.072691441,0.033752892,4.041195393,0.033752892,39.09484482,1.005622029,38.29905701,1.005622029
1.705145121,0.130430952,1.613981247,0.130430952,4.074352741,0.033743426,4.042856693,0.033743426,39.14452362,1.006938457,38.34873199,1.006938457
1.710169911,0.130363122,1.619006038,0.130363122,4.076002598,0.033734649,4.04450655,0.033734649,39.19391251,1.00827384,38.39812088,1.00827384
1.715150714,0.130296797,1.62398684,0.130296797,4.077641487,0.033726547,4.046145439,0.033726547,39.24301529,1.009627461,38.44722748,1.009627461
1.720088124,0.130231962,1.628924131,0.130231962,4.079269409,0.033719108,4.047773361,0.033719108,39.29184341,1.010999203,38.49605179,1.010999203
1.7249825,0.130168587,1.633818507,0.130168587,4.080886841,0.033712316,4.049390793,0.033712316,39.34038925,1.012388587,38.54459763,1.012388587
1.729834318,0.130106643,1.638670444,0.130106643,4.082493305,0.033706162,4.050997257,0.033706162,39.38866043,1.013795137,38.5928688,1.013795137
1.734644175,0.130046129,1.643480301,0.130046129,4.084089756,0.03370063,4.052593708,0.03370063,39.43665695,1.015218735,38.64086914,1.015218735
1.739412785,0.129987001,1.648248792,0.129987001,4.085675716,0.033695713,4.054179668,0.033695713,39.48438644,1.016658902,38.68859482,1.016658902
1.744140029,0.129929245,1.652976155,0.129929245,4.087251186,0.033691399,4.055755138,0.033691399,39.53184509,1.018115282,38.73605347,1.018115282
1.748826742,0.129872844,1.657662868,0.129872844,4.088816643,0.033687674,4.057320595,0.033687674,39.57903671,1.019587517,38.78324509,1.019587517
1.753473401,0.129817754,1.662309408,0.129817754,4.090372086,0.033684526,4.058876038,0.033684526,39.6259613,1.021075249,38.83017349,1.021075249
1.758080244,0.129763976,1.66691637,0.129763976,4.091917992,0.033681944,4.060421944,0.033681944,39.6726265,1.022578239,38.87683487,1.022578239
1.762647867,0.129711479,1.671483994,0.129711479,4.093453884,0.033679921,4.061957836,0.033679921,39.71903229,1.024096012,38.92324066,1.024096012
1.767176747,0.129660234,1.676012874,0.129660234,4.094979763,0.033678446,4.063483715,0.033678446,39.76517868,1.025628448,38.96938705,1.025628448
1.771667361,0.129610226,1.680503368,0.129610226,4.096496582,0.033677503,4.065000534,0.033677503,39.81106949,1.027175188,39.01528168,1.027175188
1.776119828,0.129561439,1.684955955,0.129561439,4.098003387,0.033677086,4.066507339,0.033677086,39.85670853,1.028735876,39.0609169,1.028735876
1.780534744,0.12951386,1.689370871,0.12951386,4.099501133,0.033677187,4.068005085,0.033677187,39.90209579,1.030310154,39.10630417,1.030310154
1.784912705,0.129467458,1.693748713,0.129467458,4.100989819,0.03367779,4.069493771,0.03367779,39.94723129,1.031897783,39.15143967,1.031897783
1.789253831,0.129422203,1.698089838,0.129422203,4.102468967,0.033678893,4.070972919,0.033678893,39.99212265,1.033498526,39.19633102,1.033498526
1.793558598,0.129378095,1.702394724,0.129378095,4.103939056,0.03368048,4.072443008,0.03368048,40.03676605,1.035112023,39.24097443,1.035112023
1.797827482,0.12933512,1.706663609,0.12933512,4.105400562,0.033682544,4.073904514,0.033682544,40.08116531,1.036738157,39.2853775,1.036738157
1.802060962,0.129293233,1.710897088,0.129293233,4.106853008,0.033685073,4.07535696,0.033685073,40.12532806,1.038376331,39.32953644,1.038376331
1.806259274,0.129252434,1.715095282,0.129252434,4.108296871,0.033688065,4.076800346,0.033688065,40.16924667,1.040026546,39.37345505,1.040026546
1.810422659,0.129212707,1.719258785,0.129212707,4.109731674,0.033691507,4.078235626,0.033691507,40.21292877,1.041688442,39.41714096,1.041688442
1.81455183,0.129174039,1.723387837,0.129174039,4.111157894,0.033695389,4.079661846,0.033695389,40.25637817,1.043361783,39.46058655,1.043361783
1.818646908,0.129136384,1.727482915,0.129136384,4.112576008,0.033699702,4.08107996,0.033699702,40.29959106,1.045046329,39.50379944,1.045046329
1.822708249,0.129099756,1.731544375,0.129099756,4.113985538,0.033704441,4.082489491,0.033704441,40.34257126,1.046741724,39.54678345,1.046741724
1.82673645,0.129064128,1.735572577,0.129064128,4.115386486,0.033709597,4.083890438,0.033709597,40.38532639,1.048447847,39.58953476,1.048447847
1.83073175,0.129029483,1.739567876,0.129029483,4.116779804,0.033715159,4.085283756,0.033715159,40.42784882,1.050164461,39.632061,1.050164461
1.834694386,0.128995806,1.743530393,0.128995806,4.118164539,0.033721123,4.086668491,0.033721123,40.47014999,1.051891208,39.67435837,1.051891208
1.838624716,0.128963083,1.747460842,0.128963083,4.119541168,0.033727478,4.08804512,0.033727478,40.51222229,1.053627849,39.71643066,1.053627849
1.842523217,0.128931284,1.751359344,0.128931284,4.120910168,0.033734221,4.08941412,0.033734221,40.55407333,1.055374265,39.75828171,1.055374265
1.846390128,0.128900424,1.755226254,0.128900424,4.122271061,0.03374134,4.090775013,0.03374134,40.59570313,1.057130218,39.7999115,1.057130218
1.850225806,0.128870457,1.759061933,0.128870457,4.123624325,0.033748828,4.092128277,0.033748828,40.63711548,1.05889535,39.84132385,1.05889535
1.854030609,0.128841385,1.762866735,0.128841385,4.124969959,0.033756677,4.093473434,0.033756677,40.67830658,1.060669661,39.88251877,1.060669661
1.857805014,0.128813192,1.76664114,0.128813192,4.126307487,0.033764888,4.09481144,0.033764888,40.71928787,1.062452793,39.92349625,1.062452793
1.86154902,0.128785864,1.770385027,0.128785864,4.127637863,0.033773441,4.096141815,0.033773441,40.76005173,1.064244628,39.9642601,1.064244628
1.865262985,0.128759369,1.774099112,0.128759369,4.128960609,0.033782341,4.097464561,0.033782341,40.80060196,1.066044807,40.00481415,1.066044807
1.868947387,0.128733724,1.777783513,0.128733724,4.130276203,0.033791572,4.098780155,0.033791572,40.84094238,1.067853212,40.04515457,1.067853212
1.872602582,0.128708899,1.781438589,0.128708899,4.131584167,0.033801135,4.10008812,0.033801135,40.88107681,1.069669604,40.08528519,1.069669604
1.87622869,0.128684878,1.785064697,0.128684878,4.132884979,0.033811018,4.101388931,0.033811018,40.92100143,1.071493864,40.12520981,1.071493864
1.879826069,0.128661647,1.788662076,0.128661647,4.134178638,0.033821214,4.10268259,0.033821214,40.96072006,1.073325753,40.16492844,1.073325753
1.883395076,0.128639206,1.792231202,0.128639206,4.135465145,0.033831723,4.103969097,0.033831723,41.00023651,1.075165153,40.20444489,1.075165153
1.886935949,0.12861754,1.795771956,0.12861754,4.136744976,0.033842534,4.105248928,0.033842534,41.03954697,1.077011704,40.24375534,1.077011704
1.890448928,0.128596619,1.799284935,0.128596619,4.138017178,0.033853646,4.10652113,0.033853646,41.07865906,1.078865409,40.28286743,1.078865409
1.893934369,0.128576458,1.802770376,0.128576458,4.13928318,0.033865046,4.107787132,0.033865046,41.11756897,1.080726027,40.32177734,1.080726027
1.897392511,0.128557011,1.806228638,0.128557011,4.14054203,0.033876732,4.109045982,0.033876732,41.15628433,1.082593322,40.36049271,1.082593322
1.900823593,0.128538296,1.809659719,0.128538296,4.141794205,0.033888698,4.110298157,0.033888698,41.19479752,1.084467173,40.3990097,1.084467173
1.904228091,0.128520295,1.813064218,0.128520295,4.143039703,0.033900935,4.111543655,0.033900935,41.23311996,1.086347342,40.43733215,1.086347342
1.907606125,0.12850298,1.816442251,0.12850298,4.144278526,0.033913445,4.112782478,0.033913445,41.27125168,1.088233829,40.47546005,1.088233829
1.910957932,0.12848635,1.819794059,0.12848635,4.14551115,0.033926215,4.114014626,0.033926215,41.30918503,1.090126276,40.51339722,1.090126276
1.914283872,0.128470406,1.823119998,0.128470406,4.146736622,0.033939246,4.115240574,0.033939246,41.34693146,1.092024565,40.55114365,1.092024565
1.917584062,0.128455132,1.826420188,0.128455132,4.147956371,0.033952527,4.116460323,0.033952527,41.38448715,1.093928695,40.58869934,1.093928695
1.920858979,0.128440499,1.829694986,0.128440499,4.149169445,0.033966057,4.117673397,0.033966057,41.42185593,1.095838308,40.62606812,1.095838308
1.924108624,0.128426507,1.832944751,0.128426507,4.15037632,0.033979829,4.118880272,0.033979829,41.45903778,1.097753286,40.66324997,1.097753286
1.927333355,0.128413156,1.836169481,0.128413156,4.151576996,0.03399384,4.120080948,0.03399384,41.49603653,1.09967351,40.7002449,1.09967351
1.930533648,0.12840043,1.839369655,0.12840043,4.152771473,0.034008082,4.121275425,0.034008082,41.53285217,1.101598978,40.73706055,1.101598978
1.933709383,0.128388315,1.84254539,0.128388315,4.153959751,0.034022551,4.122463703,0.034022551,41.5694809,1.103529334,40.77369308,1.103529334
1.936860919,0.128376797,1.845697045,0.128376797,4.15514183,0.034037244,4.123645782,0.034037244,41.60593414,1.105464458,40.81014252,1.105464458
1.939988494,0.128365889,1.84882462,0.128365889,4.156318188,0.034052156,4.12482214,0.034052156,41.64220428,1.107404232,40.84641266,1.107404232
1.943092465,0.128355548,1.851928592,0.128355548,4.157488823,0.034067281,4.125992775,0.034067281,41.67829514,1.109348655,40.88250732,1.109348655
1.946172953,0.128345788,1.855009079,0.128345788,4.158653259,0.034082614,4.127157211,0.034082614,41.71421051,1.111297369,40.9184227,1.111297369
1.949230194,0.128336594,1.85806632,0.128336594,4.159811974,0.034098156,4.128315926,0.034098156,41.74995041,1.113250494,40.9541626,1.113250494
1.952264547,0.128327951,1.861100674,0.128327951,4.160964966,0.034113895,4.129468918,0.034113895,41.78551865,1.115207672,40.98972702,1.115207672
1.955276012,0.128319845,1.864112139,0.128319845,4.162112236,0.034129832,4.130616188,0.034129832,41.82091141,1.117168784,41.02511978,1.117168784
1.958264947,0.12831229,1.867101073,0.12831229,4.163254261,0.034145962,4.131758213,0.034145962,41.85613251,1.11913383,41.06034088,1.11913383
1.961231589,0.128305271,1.870067716,0.128305271,4.164390087,0.034162279,4.132894039,0.034162279,41.89118195,1.121102691,41.09539032,1.121102691
1.964176059,0.128298759,1.873012185,0.128298759,4.165520668,0.034178782,4.13402462,0.034178782,41.92606354,1.123075128,41.13027191,1.123075128
1.967098594,0.128292769,1.87593472,0.128292769,4.166646004,0.034195464,4.135149956,0.034195464,41.96077728,1.125051022,41.16498566,1.125051022
1.969999433,0.128287286,1.878835559,0.128287286,4.167765617,0.034212321,4.136269569,0.034212321,41.99532318,1.127030373,41.19953156,1.127030373
1.972878933,0.128282294,1.881715059,0.128282294,4.168879986,0.034229353,4.137383938,0.034229353,42.02970505,1.129012942,41.23391342,1.129012942
1.975737095,0.128277779,1.884573221,0.128277779,4.169989109,0.034246553,4.138493061,0.034246553,42.06391907,1.130998731,41.26812744,1.130998731
1.978574157,0.128273755,1.887410164,0.128273755,4.17109251,0.034263916,4.139596462,0.034263916,42.09797287,1.132987499,41.30218124,1.132987499
1.981390238,0.128270209,1.890226364,0.128270209,4.172191143,0.034281444,4.140695095,0.034281444,42.13186264,1.134979248,41.33607101,1.134979248
1.984185696,0.128267124,1.893021822,0.128267124,4.173284531,0.034299128,4.141788483,0.034299128,42.16559219,1.136973739,41.36980057,1.136973739
1.986960769,0.128264487,1.895796895,0.128264487,4.174372673,0.034316968,4.142876625,0.034316968,42.19916153,1.138970971,41.4033699,1.138970971
1.989715457,0.128262311,1.898551583,0.128262311,4.175456047,0.034334958,4.143959999,0.034334958,42.23257065,1.140970826,41.43678284,1.140970826
1.992450237,0.128260568,1.901286244,0.128260568,4.176534176,0.034353096,4.145038128,0.034353096,42.26582718,1.142973304,41.47003555,1.142973304
1.995164871,0.128259271,1.904000998,0.128259271,4.177607059,0.034371376,4.146111012,0.034371376,42.29892349,1.144978046,41.50313187,1.144978046
1.997859955,0.128258392,1.906695962,0.128258392,4.178675175,0.034389798,4.147179127,0.034389798,42.3318634,1.146985173,41.53607178,1.146985173
2.000535488,0.128257945,1.909371495,0.128257945,4.179738522,0.034408361,4.148242474,0.034408361,42.36465073,1.148994446,41.5688591,1.148994446
2.003191471,0.1282579,1.912027597,0.1282579,4.1807971,0.034427054,4.149301052,0.034427054,42.39728546,1.151005864,41.60149384,1.151005864
2.005828381,0.128258273,1.914664626,0.128258273,4.18185091,0.034445882,4.150354862,0.034445882,42.42976761,1.153019309,41.63397598,1.153019309
2.008446455,0.128259048,1.917282581,0.128259048,4.182899952,0.034464836,4.151403904,0.034464836,42.46209717,1.155034661,41.66630554,1.155034661
2.011045694,0.12826021,1.919881821,0.12826021,4.183944225,0.034483917,4.152448177,0.034483917,42.49427795,1.157051802,41.69848633,1.157051802
2.013626337,0.128261775,1.922462344,0.128261775,4.18498373,0.034503121,4.153487682,0.034503121,42.52630997,1.15907073,41.73051834,1.15907073
2.016188383,0.128263712,1.92502439,0.128263712,4.186018944,0.034522444,4.154522419,0.034522444,42.55819321,1.161091328,41.76240158,1.161091328
2.018732071,0.128266022,1.927568197,0.128266022,4.187048912,0.034541883,4.155552864,0.034541883,42.58993149,1.163113475,41.79413986,1.163113475
2.021257639,0.128268704,1.930093765,0.128268704,4.188075066,0.034561437,4.156579018,0.034561437,42.621521,1.165137053,41.82572937,1.165137053
2.023765326,0.128271744,1.932601452,0.128271744,4.189096451,0.034581102,4.157600403,0.034581102,42.65296555,1.167162061,41.85717773,1.167162061
2.026255369,0.128275156,1.935091376,0.128275156,4.190113544,0.034600876,4.15861702,0.034600876,42.68426895,1.16918838,41.88847733,1.16918838
2.028727531,0.128278911,1.937563777,0.128278911,4.19112587,0.034620754,4.159629822,0.034620754,42.7154274,1.171215892,41.91963959,1.171215892
2.031182528,0.128283009,1.940018535,0.128283009,4.192133904,0.034640737,4.160637856,0.034640737,42.7464447,1.173244596,41.95065308,1.173244596
2.033619881,0.128287449,1.942456007,0.128287449,4.193137646,0.034660824,4.161641598,0.034660824,42.77732086,1.175274372,41.98152924,1.175274372
2.036040306,0.128292218,1.944876313,0.128292218,4.194137573,0.034681004,4.162641048,0.034681004,42.80805588,1.177305222,42.01226807,1.177305222
2.038443565,0.128297329,1.947279692,0.128297329,4.195132732,0.03470128,4.163636684,0.03470128,42.83865356,1.179336786,42.04286194,1.179336786
2.040830135,0.128302753,1.949666142,0.128302753,4.1961236,0.034721654,4.164627552,0.034721654,42.86911392,1.181369424,42.0733223,1.181369424
2.043199778,0.128308505,1.952036023,0.128308505,4.197110653,0.034742113,4.165614605,0.034742113,42.89943314,1.183402658,42.10364532,1.183402658
2.045553207,0.12831457,1.954389334,0.12831457,4.198093414,0.034762666,4.166597366,0.034762666,42.92961884,1.185436726,42.13383102,1.185436726
2.047890186,0.128320932,1.956726193,0.128320932,4.199071884,0.034783304,4.167575836,0.034783304,42.95967102,1.18747139,42.16387939,1.18747139
2.050210714,0.128327608,1.959046841,0.128327608,4.200046539,0.034804024,4.168550491,0.034804024,42.98958588,1.189506531,42.19379425,1.189506531
2.052515268,0.128334582,1.961351395,0.128334582,4.201016903,0.034824826,4.169520855,0.034824826,43.01936722,1.191542149,42.22357941,1.191542149
2.054803848,0.128341839,1.963639975,0.128341839,4.201983929,0.03484571,4.170487404,0.03484571,43.04901886,1.193578362,42.25322723,1.193578362
2.057076693,0.128349394,1.9659127,0.128349394,4.202946186,0.034866668,4.171450138,0.034866668,43.07853317,1.195614696,42.28274536,1.195614696
2.059333801,0.128357232,1.968169928,0.128357232,4.203905106,0.034887701,4.172409058,0.034887701,43.1079216,1.197651505,42.31213379,1.197651505
2.061575174,0.128365338,1.97041142,0.128365338,4.204859734,0.034908809,4.173363686,0.034908809,43.13717651,1.199688435,42.3413887,1.199688435
2.063801527,0.128373727,1.972637653,0.128373727,4.205810547,0.034929991,4.174314499,0.034929991,43.16630554,1.201725721,42.37051773,1.201725721
2.066012383,0.128382385,1.974848509,0.128382385,4.206758022,0.03495124,4.175261974,0.03495124,43.19530487,1.203762889,42.39951324,1.203762889